-1.000000 0.000000 1.000000
1.000000 0.000000 1.000000
-1.000000 0.000000 -1.000000
1.000000 0.000000 -1.000000
-1.000000 0.000000 0.000000
0.000000 0.000000 1.000000
1.000000 0.000000 0.000000
0.000000 0.000000 -1.000000
0.000074 0.019895 0.000074
-1.000000 0.000000 0.500000
0.500000 0.000000 1.000000
1.000000 0.000000 -0.500000
-0.500000 0.000000 -1.000000
-1.000000 0.000000 -0.500000
-0.500000 0.000000 1.000000
1.000000 0.000000 0.500000
0.500000 0.000000 -1.000000
0.000903 0.011027 -0.499830
0.000010 0.031491 0.500019
-0.499990 0.002863 0.000135
0.500000 0.000000 0.000000
0.500000 0.065208 0.500000
-0.500000 0.038831 0.500001
-0.500000 0.072167 -0.500000
0.500000 0.000000 -0.500000
-1.000000 0.000000 0.750000
0.750000 0.000000 1.000000
1.000000 0.000000 -0.750000
-0.750000 0.000000 -1.000000
-1.000000 0.000000 -0.250000
-0.250000 0.000000 1.000000
1.000000 0.000000 0.250000
0.250000 0.000000 -1.000000
0.000000 0.000000 -0.750000
0.000015 0.045552 0.250015
-0.750000 0.000000 0.000000
0.250036 0.020083 0.000036
-1.000000 0.000000 0.250000
0.250000 0.000000 1.000000
1.000000 0.000000 -0.250000
-0.250000 0.000000 -1.000000
-1.000000 0.000000 -0.750000
-0.750000 0.000000 1.000000
1.000000 0.000000 0.750000
0.750000 0.000000 -1.000000
0.000643 0.016391 -0.249552
0.000000 0.000000 0.750000
-0.249890 0.005298 0.000037
0.750000 0.000000 0.000000
0.500000 0.042269 0.250000
0.500000 0.000000 0.750000
0.250000 0.084314 0.500000
0.750000 0.000000 0.500000
-0.500190 0.033580 0.250024
-0.500000 0.000000 0.750000
-0.750000 0.000000 0.500000
-0.249816 0.046109 0.500355
-0.500000 0.036084 -0.750000
-0.500000 0.036084 -0.250000
-0.750000 0.036084 -0.500000
-0.250000 0.064624 -0.500000
0.500000 0.000000 -0.750000
0.500000 0.010004 -0.250000
0.250000 0.014071 -0.500000
0.750000 0.000000 -0.500000
0.750000 0.000000 -0.250000
0.250000 0.013276 -0.250000
0.250000 0.000000 -0.750000
-0.249509 0.024081 -0.249393
-0.750000 0.018042 -0.250000
-0.750000 0.018042 -0.750000
-0.250000 0.000000 0.750000
-0.750000 0.000000 0.750000
-0.750002 0.000214 0.249999
0.750000 0.000000 0.750000
0.250000 0.000014 0.750000
0.250000 0.004056 0.250000
0.750000 0.000730 0.250000
-0.249987 0.011939 0.250004
-0.250000 0.018042 -0.750000
0.750000 0.000000 -0.750000
